Name	MonType1	MonType2	MonType3	MonType4	MonType5	MonType6	MonType7	MonType8	MonType9	MonType10	MonType11	MonType12	MonType13	MonType14	MonType15	MonType16	MonType17	MonType18	MonType19	MonType20	MonType21	MonType22	MonType23	MonType24	MonType25	MonType26	MonType27	MonType28	MonType29	MonType30	MonType31	MonType32	MonType33	MonType34	MonType35	MonType36
touchUM	0	0	0	0	0	0	0	1	1	0	0	0	1	0	0	1	0	0	0	0	0	1	0	0	0	1	0	0	1	0	0	0	0	0	0	0
spellUM	0	0	1	0	0	0	0	1	1	0	0	0	1	0	0	1	0	0	0	0	0	1	0	0	0	1	0	0	1	0	0	0	0	0	0	0
feast	1	1	1	0	1	1	0	0	0	1	1	0	1	0	1	0	0	1	1	1	1	1	1	0	0	0	1	1	1	0	1	1	1	1	1	1
wound	1	1	1	0	1	1	1	1	0	1	1	1	1	0	0	1	1	1	0	0	1	1	1	0	0	0	0	1	0	0	1	1	1	1	1	1
grin	1	0	1	0	1	0	0	0	0	1	0	0	1	0	0	0	0	1	0	0	0	0	1	0	0	0	0	0	0	0	1	0	1	1	1	0
maim	1	1	1	0	1	1	1	1	0	1	1	1	1	0	0	1	1	1	0	0	1	1	1	0	0	0	0	1	0	0	1	1	1	1	1	1
hack	1	1	0	0	1	0	0	0	0	1	0	0	1	0	0	0	0	1	0	0	1	1	1	0	0	0	0	0	0	0	1	0	1	1	1	0
biteUM	0	0	1	0	1	1	0	1	1	1	1	0	1	0	1	1	0	1	1	1	0	0	1	0	0	1	1	1	1	0	1	1	1	1	0	1
rendUM	0	0	1	0	1	1	1	1	0	1	1	1	1	0	1	1	1	1	0	1	0	0	1	0	0	0	1	1	0	0	1	1	1	1	0	1
burn	1	1	1	0	1	0	0	0	1	1	0	0	1	0	0	0	0	1	0	0	1	1	1	0	0	1	0	0	0	0	1	0	1	1	1	0
rip	1	1	1	1	1	1	1	1	1	1	1	1	1	1	0	1	1	1	0	0	1	1	1	1	1	1	0	1	1	1	1	1	1	1	1	1
kill	1	1	1	1	1	1	1	1	1	1	1	1	1	0	0	1	1	1	0	0	1	1	1	1	1	1	0	1	0	1	1	1	1	1	1	1
callUM	0	0	1	1	0	0	0	0	1	1	0	0	1	0	0	0	0	1	0	0	0	1	0	1	1	1	0	0	0	1	0	0	1	1	0	0
vex	0	0	0	1	0	0	0	1	1	1	0	0	1	0	0	0	0	1	1	0	0	0	0	1	1	1	0	0	0	1	0	0	1	1	0	0
jade	0	0	0	0	0	0	0	1	0	1	0	0	0	0	0	0	0	1	0	0	0	0	0	0	0	0	0	0	0	0	0	0	1	1	0	0
web	0	0	0	0	0	0	0	0	0	0	0	0	0	0	1	0	0	0	0	1	0	0	0	0	0	0	1	0	0	0	0	0	0	0	0	0
shieldUM	1	0	0	0	1	0	0	0	0	1	0	0	1	0	0	0	0	1	0	0	0	0	1	0	0	0	0	0	0	0	1	0	1	1	1	0
KillerUM	1	1	1	1	1	1	1	1	0	1	1	1	1	0	0	1	1	1	0	0	1	1	1	1	1	0	0	1	1	1	1	1	1	1	1	1
RazorUM	0	1	1	1	1	1	1	1	0	1	1	1	1	0	0	1	1	1	0	0	1	0	1	1	1	0	0	1	0	1	1	1	1	1	0	1
drinker	0	0	0	1	0	0	1	1	1	1	0	1	0	0	0	1	1	1	1	0	0	0	0	1	1	1	0	0	1	1	0	0	1	1	0	0
shifter	0	0	0	1	0	0	0	0	1	1	0	0	0	0	0	0	0	1	1	0	0	0	0	1	1	1	0	0	1	1	0	0	1	1	0	0
crawler	0	0	0	0	0	0	0	0	1	1	0	0	0	1	1	0	0	1	0	1	0	0	0	0	0	1	1	0	1	0	0	0	1	1	0	0
dancer	0	0	0	1	0	0	0	1	1	1	0	0	0	0	0	1	0	1	1	0	0	0	0	1	1	1	0	0	1	1	0	0	1	1	0	0
bender	0	0	0	1	0	0	0	1	1	1	0	0	0	0	0	1	0	1	1	0	0	0	0	1	1	1	0	0	1	1	0	0	1	1	0	0
weaverUM	0	0	0	0	0	0	0	1	1	1	0	0	0	0	0	1	0	1	0	0	0	0	0	0	0	1	0	0	1	0	0	0	1	1	0	0
eater	1	1	1	0	1	1	0	1	0	1	1	0	1	0	1	1	0	1	1	1	1	1	1	0	0	0	1	1	1	0	1	1	1	1	0	1
widow	0	0	0	0	0	0	0	1	0	1	0	0	0	0	0	1	0	1	0	0	0	0	0	0	0	0	1	0	0	0	0	0	1	1	0	0
maggot	0	0	0	0	1	0	0	1	0	0	0	0	1	0	1	1	0	0	0	1	0	0	1	0	0	0	1	0	0	0	1	0	0	0	0	0
spawn	0	0	1	0	1	1	0	1	1	0	1	0	1	0	1	1	0	0	0	1	0	0	1	0	0	1	1	1	0	0	1	1	0	0	0	1
wight	0	1	1	0	1	1	0	0	1	0	1	0	1	0	0	0	0	0	0	0	0	0	1	0	0	1	0	1	0	0	1	1	0	0	0	1
GrumbleUM	0	0	0	0	1	0	0	0	0	0	0	0	1	1	0	0	0	0	0	0	0	0	1	0	0	0	0	0	0	0	1	0	0	0	0	0
GrowlerUM	0	0	0	0	1	0	0	0	0	1	0	0	1	1	0	0	0	1	0	0	0	0	1	0	0	0	0	0	0	0	1	0	1	1	0	0
SnarlUM	0	0	1	0	1	0	0	0	0	0	0	0	1	1	0	0	0	0	0	0	0	0	1	0	0	0	0	0	0	0	1	0	0	0	0	0
wolf	0	0	1	0	1	0	0	0	0	1	0	0	1	1	0	0	0	0	0	0	0	0	1	0	0	0	0	0	0	0	1	0	1	1	0	0
crow	0	0	0	1	1	0	0	0	0	1	0	0	1	0	0	0	0	0	0	0	0	0	1	1	1	0	0	0	0	1	1	0	1	1	0	0
hawk	0	0	0	1	1	0	0	0	0	1	0	0	1	0	0	0	0	0	0	0	0	0	1	1	1	0	0	0	0	1	1	0	1	1	0	0
cloud	0	0	0	1	0	0	0	0	1	1	0	0	0	1	0	0	0	0	1	0	0	0	0	1	1	1	0	0	0	1	0	0	1	1	0	0
BangUM	1	1	0	0	0	0	0	0	0	0	0	0	1	0	0	0	0	0	0	0	1	1	0	0	0	0	0	0	0	0	0	0	0	0	1	0
head	1	1	1	0	0	1	0	0	0	0	1	0	1	0	0	0	0	0	0	0	1	1	0	0	0	0	0	1	0	0	0	1	0	0	1	1
skullUM	1	1	1	0	0	1	0	0	0	0	1	0	1	0	0	0	0	0	0	0	1	1	0	0	0	0	0	1	0	0	0	1	0	0	1	1
browUM	1	1	1	0	0	1	0	1	0	0	1	0	1	0	0	1	0	0	0	0	1	1	0	0	0	0	0	1	1	0	0	1	0	0	1	1
eyeUM	1	1	1	0	1	1	0	1	0	0	1	0	1	0	0	1	0	0	0	0	1	1	1	0	0	0	0	1	1	0	1	1	0	0	1	1
maw	0	1	1	0	1	1	0	1	0	0	1	0	1	0	0	1	0	0	0	0	1	1	1	0	0	0	0	1	1	0	1	1	0	0	0	1
tongue	0	1	1	0	1	1	0	1	0	0	1	0	1	0	0	1	0	0	1	0	1	1	1	0	1	0	0	1	1	0	1	1	0	0	0	1
fangUM	0	0	1	0	1	1	1	1	0	1	1	1	1	0	0	1	1	1	0	0	0	0	1	0	0	0	0	1	1	0	1	1	1	1	0	1
hornUM	0	0	1	0	1	0	0	1	0	1	0	0	1	0	0	1	0	1	0	0	0	0	1	0	0	0	0	0	0	0	1	0	1	1	0	0
thorn	0	0	1	0	1	0	1	1	0	1	0	1	1	1	0	1	1	1	0	0	0	0	1	0	0	0	0	0	0	0	1	0	1	1	0	0
clawUM	0	0	1	1	1	0	0	1	0	1	0	0	1	0	0	1	0	1	0	0	0	0	1	1	1	0	0	0	1	1	1	0	1	1	0	0
fistUM	1	1	0	0	1	0	0	0	0	1	0	0	1	0	0	0	0	1	0	0	1	1	1	0	0	0	0	0	1	0	1	0	1	1	1	0
heartUM	0	1	0	0	1	0	0	0	0	1	0	0	1	0	0	0	0	1	0	0	1	1	1	0	0	0	0	0	1	0	1	0	1	1	0	0
shankUM	0	0	0	0	1	0	1	0	0	0	0	1	1	1	0	0	1	0	0	0	0	0	1	0	0	0	0	0	0	0	1	0	0	0	0	0
skinUM	0	1	0	0	1	0	0	1	0	0	0	0	1	1	0	1	0	0	1	0	1	1	1	0	0	0	0	0	0	0	1	0	0	0	0	0
wingUM	0	0	0	1	0	0	0	0	0	0	0	0	0	0	0	0	0	0	1	0	0	0	0	1	1	0	0	0	1	1	0	0	0	0	0	0
pox	0	1	0	0	0	0	0	0	0	0	0	0	0	0	0	0	0	0	1	0	0	0	0	0	1	0	0	0	0	0	0	0	0	0	0	0
fester	0	1	0	0	0	0	0	0	0	0	0	0	0	0	0	0	0	0	1	0	0	0	0	0	1	0	0	0	0	0	0	0	0	0	0	0
blister	0	1	0	0	0	0	0	0	0	0	0	0	0	0	0	0	0	0	1	0	0	0	0	0	1	0	0	0	0	0	0	0	0	0	0	0
pus	0	1	0	0	0	0	0	0	0	0	0	0	0	0	0	0	0	0	1	0	0	0	0	0	1	0	0	0	0	0	0	0	0	0	0	0
SlimeUM	0	1	1	0	0	1	0	0	0	0	1	0	0	0	0	0	0	0	1	0	0	0	0	0	1	0	0	1	0	0	0	1	0	0	0	1
drool	0	1	1	0	0	1	0	0	0	0	1	0	0	0	1	0	0	0	1	1	0	0	0	0	1	0	1	1	0	0	0	1	0	0	0	1
froth	0	1	1	0	0	1	0	0	0	0	1	0	0	0	0	0	0	0	1	0	0	0	0	0	1	0	0	1	0	0	0	1	0	0	0	1
sludge	0	1	0	0	0	0	0	0	0	0	0	0	0	0	0	0	0	0	0	0	0	0	0	0	0	0	0	0	0	0	0	0	0	0	0	0
venom	0	1	0	0	0	0	0	1	0	0	0	0	0	0	0	1	0	0	1	0	1	1	0	0	1	0	0	0	0	0	0	0	0	0	0	0
poison	0	1	0	0	0	0	0	1	0	0	0	0	0	0	0	1	0	0	1	0	1	1	0	0	1	0	0	0	0	0	0	0	0	0	0	0
break	0	0	0	0	0	0	0	0	0	0	0	0	0	0	0	0	0	0	0	0	0	0	0	0	0	0	0	0	0	0	0	0	0	0	0	0
shard	0	0	0	0	0	0	0	0	0	0	0	0	0	1	0	0	0	0	0	0	0	0	0	0	0	0	0	0	0	0	0	0	0	0	0	0
flame	0	0	0	0	0	0	0	0	0	0	0	0	0	0	0	0	0	0	0	0	0	0	0	0	0	0	0	0	0	0	0	0	0	0	0	0
maul	0	1	1	0	0	1	0	0	0	0	0	0	0	0	0	0	0	0	0	0	0	0	0	0	0	0	0	1	0	0	0	1	0	0	0	1
thirstUM	0	0	0	0	0	0	0	0	1	0	0	0	0	0	0	0	0	0	1	0	0	0	0	0	1	1	0	0	1	0	0	0	0	0	0	0
lust	0	0	0	0	0	0	0	1	1	1	0	0	0	0	0	0	0	1	1	0	0	0	0	0	1	1	0	0	1	0	0	0	1	1	0	0
